x <- 24
y <- 50
z <- 79

asdf <- 33
